Octave Practise

A = [1 2 3 4; 5 6 7 8; 9 10 11 12]
A =

    1    2    3    4
    5    6    7    8
    9   10   11   12

>> A;
>> A
A =

    1    2    3    4
    5    6    7    8
    9   10   11   12

>> max(A, [], 1)
ans =

    9   10   11   12

>> max(A, [], 2)
ans =

    4
    8
   12

>> [m, mix] = max(A, [],2)
m =

    4
    8
   12

mix =

   4
   4
   4